8 0.5818484042553191 0.1867198581560284 0.07092198581560277 0.15336879432624115 
0 0.5023382092198581 0.18184397163120566 0.06261081560283681 0.15780141843971632 
1 0.4242132092198581 0.19070921985815603 0.05596187943262413 0.15780141843971632 
0 0.34387189716312055 0.19203900709219857 0.07147606382978727 0.14804964539007093 
5 0.26907136524822695 0.19381205673758864 0.06150265957446811 0.15159574468085107 
20 0.2011968085106383 0.22794326241134752 0.05097517730496452 0.09929078014184399 
22 0.14440381205673758 0.2128723404255319 0.06039450354609929 0.13829787234042554 
17 0.07625221631205674 0.21597517730496454 0.06261081560283688 0.1427304964539007 
24 0.4907025709219858 0.37820921985815603 0.10915336879432627 0.17641843971631205 
23 0.24940159574468085 0.38663120567375886 0.09308510638297873 0.17021276595744678 
