8 0.6707779255319148 0.18893617021276593 0.07701684397163114 0.1578014184397163 
0 0.5904366134751773 0.1853900709219858 0.07147606382978715 0.15425531914893617 
1 0.514804964539007 0.18849290780141845 0.05762411347517731 0.1569148936170213 
0 0.4347406914893617 0.19115248226950354 0.06482712765957448 0.1551418439716312 
5 0.3557845744680851 0.19159574468085108 0.06538120567375885 0.15780141843971632 
20 0.28818705673758865 0.2248404255319149 0.049867021276595744 0.10549645390070922 
22 0.22446808510638297 0.20622340425531913 0.06759751773049644 0.14627659574468085 
17 0.15271498226950353 0.21109929078014186 0.06371897163120566 0.14893617021276595 
23 0.3419326241134752 0.3835283687943262 0.0930851063829787 0.17287234042553187 
24 0.5884973404255319 0.37643617021276593 0.10859929078014179 0.1799645390070922 
