0 0.7312500000000001 0.05494505494505495 0.0625 0.04395604395604396 
0 0.6875 0.14285714285714288 0.037500000000000006 0.03296703296703297 
0 0.6000000000000001 0.1401098901098901 0.05 0.027472527472527476 
0 0.640625 0.18131868131868134 0.03125 0.02197802197802198 
0 0.40937500000000004 0.14285714285714288 0.06875 0.05494505494505495 
0 0.47500000000000003 0.22527472527472528 0.0625 0.04395604395604396 
0 0.25625000000000003 0.30219780219780223 0.0625 0.05494505494505495 
0 0.096875 0.45054945054945056 0.18125000000000002 0.5824175824175825 
0 0.328125 0.16483516483516486 0.06875 0.05494505494505495 
0 0.9187500000000001 0.3626373626373627 0.07500000000000001 0.04395604395604396 
0 0.6687500000000001 0.3626373626373627 0.05 0.04395604395604396 
0 0.765625 0.4010989010989011 0.05625 0.04395604395604396 
0 0.8625 0.46153846153846156 0.05 0.03296703296703297 
0 0.71875 0.5879120879120879 0.0625 0.06593406593406594 
0 0.83125 0.9450549450549451 0.07500000000000001 0.04395604395604396 
0 0.7406250000000001 0.989010989010989 0.05625 0.02197802197802198 
0 0.596875 0.7362637362637363 0.10625000000000001 0.07692307692307693 
0 0.5281250000000001 0.793956043956044 0.05625 0.038461538461538464 
0 0.44375000000000003 0.7582417582417583 0.0625 0.04395604395604396 
0 0.371875 0.5906593406593407 0.08125 0.08241758241758243 
0 0.275 0.4945054945054945 0.05 0.04395604395604396 
0 0.246875 0.5494505494505495 0.043750000000000004 0.03296703296703297 
0 0.46875 0.37912087912087916 0.2 0.18681318681318682 
